$ANSIBLE_VAULT;1.1;AES256
64373036633437386332633631633336323264336535303733623038363564656435366438646663
3339616266663539303736623437393533326465623661390a613138393335646639643032386237
30646265656639663737656366666638343663356361346561623031306235393333623966666338
6538636434326262360a633434396365643333373962386639356339623437633663303538386631
34383338336164623664313361303863393736643565326534633664613639353232663534346132
38346539383263373330663061383166343933336530646234343366383432643735643962313561
63643064393636323261623361306465643636323062386264646438393631313832643631666237
32353239363762666631333664353861373532323133356637343136373762633031633435353866
65633163376436366233616366653861653431653637366462353835376565633537646362363166
39393531623036636638636561633836393533393533663962386163393539333432306236656333
37663664346534366639643465363063613962663832343033663936646537383931313466386432
30366632373663353639613936323536643965616131643032643431393230383761346664613066
63643138326432376338636636393966313062336261353265393434323636643861366265623531
63633234343937336632333765323231356439323632643061613135363537343165363862356564
30666262346536363164383365356636383632333739613963626431656334306664316135643833
65393661616638373734393366663737383834363133643735313631393362666432333066656662
64623732616232373430376262353066666131303130366466393634393032313362303438623834
3962666239383161326162653265353538323065653364666436
